$ANSIBLE_VAULT;1.1;AES256
30333362323463623438303234616666653930323663643833333636363939336362326364306331
3738636638366565303266643665663362613934306262360a333533346639643732646562386130
30663731363333646533373238623237623466373232636233646232613465633662623164653030
6434623839616362340a313935643333306638333439613762363434306366326337346539646636
61636662383839303864323432316464656132356666626435396537626338663635653131333362
34303564623664323561376138336332646238646635626663653330623537633631363063303634
34366638656161326438346432326661386334626436333236386462613462333734336563363565
33633961636262363838346536323430306535393832613363383230613161393031356131616266
36353337626334313831636363376238393838633435396563656637666533633863333263323861
33643834346436663135373764656139303433383333383831343562393364663562666665346332
36303266376536366263623663383738623961343638313361656463383839376564373761376138
35633864653330653733393234323134656338313531666132383830373836303036346239383334
33663139613530343765383738353935306166323336313030363830316437333939
